sage: table(7,200)
7 []
11 []
13 []
17 []
19 []
23 []
29 []
31 []
37 []
41 []
43 []
47 []
53 []
59 [(((59, 16), {}), 1)]
61 []
67 []
71 []
73 []
79 [(((79, 38), {}), 1)]
83 []
89 []
97 []
101 []
103 []
107 [(((107, 28), {}), 1)]
109 []
113 []
127 []
131 [(((131, 40), {}), 1)]
137 []
139 [(((139, 36), {}), 1)]
149 []
151 [(((151, 60), {}), 1)]
157 []
163 []
167 []
173 [(((173, 24), {}), 1)]
179 []
181 []
191 []
193 [(((193, 72), {}), 1)]
197 []
199 []

211 []
223 [(((223, 72), {}), 1)]
227 []
229 [(((229, 116), {}), 2)]
233 []
239 []
241 []
251 []
257 [(((257, 50), {}), 1), (((257, 100), {}), 1), (((257, 130), {}), 2)]
263 [(((263, 98), {}), 1)]
269 [(((269, 78), {}), 1)]
271 []
277 [(((277, 92), {}), 1)]
281 []
283 [(((283, 72), {}), 2)]
293 []
307 [(((307, 78), {}), 1)]
311 []
313 [(((313, 114), {}), 1)]
317 []
331 [(((331, 84), {}), 2)]
337 []
347 []
349 []
353 [(((353, 76), {}), 2)]
359 []
367 []
373 []
