2 []
3 []
5 []
7 []
11 []
13 []
17 []
19 []
23 [1]
29 [24, 1, 23]
31 [1, 21, 1]
37 [1, 35, 31, 11, 3]
41 [1, 30, 11, 15, 35, 17]
43 [31, 1, 35, 40, 38, 33]
47 [1, 27, 26, 26, 14, 34, 1]
53 [1, 29, 52, 24, 40, 40, 40, 17, 44]
59 [14, 9, 1, 0, 4, 23, 6, 11, 49, 2]
61 [49, 1, 33, 13, 52, 42, 51, 30, 28, 29, 56]
67 [64, 1, 11, 58, 25, 6, 44, 39, 49, 56, 25, 40]
71 [19, 1, 18, 44, 66, 56, 46, 58, 2, 10, 42, 48, 1]
73 [67, 1, 28, 3, 22, 72, 17, 18, 60, 24, 69, 6, 17, 57]
79 [43, 37, 1, 64, 61, 19, 23, 61, 24, 59, 54, 56, 0, 33, 4]
83 [20, 1, 44, 13, 71, 76, 74, 44, 81, 6, 7, 25, 60, 55, 43, 29]
89 [1, 56, 7, 10, 62, 51, 60, 75, 59, 37, 30, 46, 5, 8, 11, 62, 55, 31]
97 [1, 20, 38, 67, 16, 11, 23, 71, 12, 44, 62, 18, 13, 88, 15, 93, 87, 13, 59, 64]
101 [1, 89, 74, 26, 93, 42, 47, 3, 93, 7, 99, 54, 52, 4, 4, 14, 6, 4, 14, 32, 37]
103 [1, 50, 75, 4, 102, 1, 19, 2, 7, 97, 54, 50, 78, 84, 51, 1, 82, 52, 43, 16, 36]
107 [1, 34, 73, 62, 15, 2, 106, 67, 27, 0, 67, 90, 23, 76, 81, 58, 36, 103, 37, 50, 51, 9]
109 [1, 73, 73, 97, 25, 36, 84, 3, 2, 82, 42, 85, 48, 73, 13, 54, 103, 42, 22, 24, 79, 41, 27]
113 [1, 29, 22, 110, 42, 30, 105, 106, 82, 32, 111, 17, 84, 15, 90, 2, 92, 49, 7, 17, 85, 49, 30, 2]
127 [1, 109, 59, 126, 52, 46, 86, 47, 48, 62, 70, 32, 122, 6, 90, 25, 57, 104, 65, 2, 7, 24, 53, 95, 57, 94, 120]
131 [1, 64, 78, 55, 1, 59, 58, 30, 125, 13, 101, 85, 122, 111, 54, 0, 68, 21, 52, 92, 77, 17, 98, 120, 23, 16, 100, 22]
137 [1, 4, 21, 38, 77, 99, 80, 111, 34, 32, 110, 6, 51, 128, 93, 80, 80, 106, 108, 92, 85, 124, 80, 131, 135, 122, 23, 117, 123, 132]
139 [1, 137, 79, 60, 132, 115, 90, 98, 40, 69, 129, 16, 64, 0, 73, 5, 24, 96, 79, 79, 62, 28, 25, 15, 52, 63, 30, 132, 36, 63]
149 [1, 66, 82, 66, 93, 27, 95, 87, 117, 47, 61, 110, 101, 55, 144, 69, 71, 6, 46, 10, 29, 130, 46, 78, 117, 111, 62, 63, 146, 3, 25, 129, 114]
151 [1, 32, 119, 73, 63, 112, 27, 3, 90, 12, 49, 97, 37, 112, 26, 66, 87, 89, 24, 51, 55, 38, 131, 84, 108, 0, 47, 1, 105, 13, 71, 109, 78]
157 [1, 154, 65, 127, 113, 151, 53, 40, 31, 50, 7, 86, 145, 36, 135, 126, 50, 53, 25, 71, 102, 132, 98, 156, 77, 61, 51, 115, 58, 17, 10, 92, 144, 56, 54]
163 [1, 10, 64, 122, 139, 37, 5, 162, 17, 26, 84, 23, 131, 117, 47, 37, 150, 105, 126, 62, 12, 46, 78, 10, 28, 148, 76, 22, 77, 44, 78, 18, 116, 49, 53, 38]
167 [106, 1, 9, 99, 145, 22, 109, 21, 38, 74, 109, 27, 28, 128, 153, 152, 89, 120, 137, 16, 9, 155, 16, 147, 156, 2, 103, 152, 71, 50, 65, 165, 49, 97, 3, 18, 138]
173 [1, 51, 162, 72, 40, 163, 163, 0, 102, 36, 100, 79, 161, 128, 119, 112, 151, 28, 106, 91, 27, 108, 86, 110, 120, 21, 167, 147, 125, 130, 39, 22, 36, 70, 144, 17, 66, 54, 167]
179 [1, 119, 70, 34, 72, 11, 24, 77, 40, 155, 80, 85, 126, 60, 126, 160, 44, 87, 12, 105, 24, 177, 122, 115, 21, 127, 6, 3, 103, 10, 28, 117, 53, 98, 8, 69, 151, 26, 33, 176]
181 [1, 97, 30, 158, 132, 120, 68, 8, 144, 118, 151, 3, 21, 136, 141, 72, 69, 55, 79, 154, 97, 150, 77, 65, 174, 71, 179, 172, 28, 83, 23, 50, 81, 149, 128, 67, 124, 88, 79, 70, 34]
191 [1, 95, 111, 33, 14, 60, 155, 15, 118, 53, 186, 29, 159, 103, 14, 70, 112, 5, 136, 69, 53, 165, 187, 91, 30, 88, 140, 184, 44, 42, 116, 184, 38, 75, 60, 114, 88, 134, 72, 97, 12, 70, 101]
193 [1, 110, 161, 81, 29, 116, 20, 26, 74, 145, 65, 168, 177, 24, 37, 37, 15, 149, 164, 167, 8, 191, 134, 115, 102, 121, 119, 26, 112, 7, 95, 0, 24, 20, 23, 85, 51, 60, 180, 52, 56, 128, 175, 47]
197 [63, 1, 30, 192, 9, 168, 70, 125, 17, 33, 22, 34, 2, 133, 32, 95, 157, 124, 75, 107, 9, 122, 127, 67, 149, 36, 132, 139, 71, 81, 169, 115, 97, 7, 112, 50, 187, 52, 151, 98, 185, 188, 93, 108, 60]
199 [1, 102, 187, 26, 46, 164, 54, 162, 149, 175, 116, 184, 127, 106, 156, 83, 43, 58, 104, 180, 81, 40, 132, 14, 81, 59, 26, 63, 89, 185, 71, 28, 12, 177, 116, 187, 95, 68, 11, 194, 78, 198, 104, 7, 150]
211 [169, 1, 187, 38, 82, 37, 189, 167, 79, 7, 192, 81, 163, 77, 24, 16, 110, 167, 37, 104, 15, 28, 26, 189, 148, 183, 181, 44, 16, 40, 33, 181, 172, 19, 11, 200, 71, 11, 106, 91, 69, 208, 39, 204, 206, 106, 121, 39]
223 [1, 28, 41, 166, 154, 155, 106, 198, 53, 107, 129, 102, 180, 105, 117, 29, 8, 219, 47, 70, 187, 6, 95, 86, 110, 216, 1, 145, 221, 67, 75, 0, 82, 195, 207, 74, 20, 131, 71, 77, 119, 104, 142, 79, 25, 132, 188, 103, 199, 137, 81]
227 [1, 166, 18, 151, 155, 206, 38, 196, 91, 87, 188, 127, 46, 75, 78, 42, 84, 43, 25, 99, 111, 114, 26, 23, 29, 202, 7, 96, 122, 206, 73, 153, 130, 200, 46, 51, 145, 20, 73, 121, 164, 35, 57, 176, 36, 34, 182, 91, 13, 47, 3, 24]
229 [1, 162, 25, 74, 153, 51, 224, 203, 186, 57, 26, 34, 40, 33, 37, 90, 211, 147, 226, 64, 76, 167, 54, 182, 113, 122, 94, 216, 6, 83, 80, 73, 162, 136, 33, 142, 31, 111, 75, 39, 164, 195, 85, 99, 228, 1, 222, 115, 136, 179, 153, 94, 0]
233 [1, 32, 145, 231, 117, 61, 25, 142, 169, 73, 150, 26, 212, 68, 148, 226, 2, 100, 82, 217, 146, 129, 125, 200, 146, 46, 144, 163, 167, 120, 144, 53, 178, 48, 36, 212, 25, 146, 63, 57, 153, 191, 44, 128, 223, 100, 126, 11, 140, 120, 17, 2, 111, 17]
239 [1, 229, 147, 123, 87, 25, 28, 224, 11, 109, 184, 21, 54, 153, 111, 183, 185, 35, 229, 49, 73, 220, 59, 65, 144, 123, 143, 45, 84, 232, 155, 224, 76, 21, 114, 126, 142, 1, 201, 107, 199, 176, 123, 232, 172, 203, 102, 87, 24, 168, 126, 40, 112, 89, 237]
241 [1, 29, 55, 36, 123, 155, 54, 117, 145, 165, 42, 18, 130, 55, 218, 133, 165, 122, 108, 148, 145, 70, 184, 94, 203, 65, 80, 174, 27, 49, 153, 119, 77, 97, 94, 107, 228, 203, 154, 114, 226, 27, 123, 202, 147, 15, 59, 198, 48, 50, 228, 137, 165, 98, 31, 21]
251 [73, 1, 45, 131, 64, 132, 82, 92, 186, 21, 109, 171, 99, 176, 232, 104, 190, 50, 9, 236, 61, 62, 64, 155, 119, 148, 180, 166, 210, 245, 222, 58, 22, 93, 76, 179, 19, 210, 46, 12, 245, 159, 176, 19, 126, 185, 99, 175, 90, 74, 116, 220, 241, 118, 47, 12, 4, 80]
257 [1, 37, 185, 142, 197, 122, 110, 80, 44, 240, 61, 86, 27, 214, 201, 0, 106, 206, 115, 60, 234, 113, 79, 152, 33, 153, 80, 69, 231, 176, 188, 242, 241, 143, 235, 92, 28, 115, 2, 141, 220, 227, 0, 86, 171, 49, 27, 154, 216, 80, 157, 15, 254, 29, 236, 46, 196, 22, 48, 0]
263 [1, 171, 136, 220, 253, 211, 204, 220, 53, 212, 109, 211, 22, 181, 18, 161, 220, 128, 157, 103, 129, 136, 235, 243, 241, 144, 58, 142, 142, 240, 26, 80, 149, 88, 16, 228, 235, 112, 127, 66, 69, 250, 0, 37, 102, 47, 179, 102, 260, 100, 80, 242, 32, 45, 183, 216, 66, 16, 252, 72, 39]
269 [1, 253, 74, 25, 248, 236, 90, 196, 153, 72, 183, 221, 38, 107, 34, 2, 253, 133, 22, 76, 109, 65, 229, 223, 71, 61, 261, 226, 67, 258, 259, 65, 14, 184, 168, 0, 208, 257, 210, 25, 120, 199, 267, 185, 65, 198, 163, 258, 142, 16, 205, 109, 62, 111, 66, 105, 265, 179, 6, 238, 232, 54, 190]
271 [1, 151, 149, 174, 186, 168, 148, 149, 91, 136, 130, 160, 39, 84, 195, 76, 208, 40, 248, 18, 123, 213, 186, 32, 215, 162, 58, 74, 227, 205, 10, 3, 39, 206, 209, 217, 101, 19, 136, 38, 264, 200, 249, 164, 19, 1, 240, 259, 9, 108, 122, 203, 152, 51, 142, 132, 38, 100, 119, 35, 14, 256, 177]
277 [1, 31, 23, 152, 45, 131, 180, 53, 97, 53, 129, 205, 200, 177, 191, 241, 239, 53, 180, 264, 154, 83, 212, 199, 214, 230, 37, 155, 200, 207, 74, 21, 163, 185, 0, 180, 49, 266, 111, 61, 260, 75, 257, 189, 199, 136, 21, 270, 129, 89, 156, 101, 192, 230, 10, 43, 161, 69, 246, 264, 74, 238, 7, 79, 113]
281 [1, 174, 232, 10, 90, 206, 26, 34, 234, 39, 202, 210, 151, 186, 28, 84, 2, 142, 3, 195, 111, 221, 190, 238, 95, 256, 240, 273, 2, 243, 178, 233, 256, 139, 65, 86, 6, 235, 172, 147, 114, 202, 150, 145, 42, 272, 23, 151, 141, 107, 228, 48, 112, 52, 161, 129, 120, 133, 28, 109, 170, 161, 111, 234, 18, 161]
283 [3, 1, 120, 100, 1, 62, 258, 234, 63, 82, 87, 232, 123, 47, 103, 86, 136, 184, 280, 259, 260, 229, 18, 88, 82, 152, 103, 57, 117, 74, 276, 91, 241, 33, 80, 84, 39, 0, 148, 155, 269, 281, 265, 67, 76, 134, 175, 207, 156, 3, 155, 98, 170, 257, 73, 209, 167, 137, 100, 236, 237, 96, 276, 243, 106, 142]
293 [1, 152, 257, 97, 21, 56, 277, 224, 226, 256, 167, 73, 88, 77, 234, 70, 285, 36, 287, 228, 290, 287, 198, 228, 292, 117, 86, 197, 118, 122, 140, 107, 261, 226, 84, 27, 264, 116, 62, 212, 180, 153, 137, 145, 238, 22, 35, 203, 41, 17, 250, 259, 223, 68, 185, 82, 127, 180, 104, 34, 154, 291, 83, 66, 9, 137, 284, 247, 67]
307 [1, 162, 266, 269, 147, 210, 89, 130, 218, 151, 189, 6, 253, 36, 217, 32, 235, 271, 282, 221, 291, 15, 149, 172, 133, 27, 66, 27, 156, 127, 0, 266, 8, 140, 245, 14, 22, 74, 47, 144, 224, 156, 216, 46, 215, 301, 167, 161, 173, 214, 139, 207, 40, 260, 12, 82, 62, 225, 161, 137, 18, 182, 283, 141, 148, 43, 303, 226, 19, 90, 30, 6]
311 [1, 272, 286, 298, 42, 107, 82, 133, 17, 227, 252, 76, 176, 131, 5, 170, 104, 118, 303, 175, 229, 156, 303, 195, 167, 171, 104, 241, 238, 174, 38, 197, 202, 99, 217, 109, 251, 249, 104, 145, 285, 112, 54, 294, 117, 230, 178, 276, 64, 5, 124, 268, 49, 79, 158, 195, 132, 79, 114, 209, 13, 100, 230, 193, 287, 182, 2, 188, 22, 77, 160, 193, 47]
313 [1, 301, 252, 303, 129, 142, 263, 118, 208, 37, 194, 256, 302, 33, 232, 30, 26, 273, 19, 251, 198, 282, 269, 2, 36, 280, 158, 104, 286, 109, 221, 179, 212, 271, 6, 179, 77, 18, 104, 6, 127, 310, 105, 0, 158, 138, 207, 195, 181, 246, 182, 266, 271, 28, 135, 284, 286, 281, 140, 312, 40, 293, 223, 197, 219, 283, 70, 295, 112, 212, 136, 271, 180, 225]
317 [1, 243, 42, 63, 167, 57, 22, 78, 190, 281, 192, 223, 72, 225, 305, 184, 188, 274, 110, 143, 228, 99, 71, 89, 226, 267, 302, 1, 126, 126, 221, 40, 259, 143, 130, 307, 181, 198, 249, 160, 291, 83, 69, 152, 132, 151, 71, 32, 230, 191, 316, 20, 13, 76, 56, 126, 27, 293, 274, 220, 65, 38, 7, 282, 104, 12, 195, 14, 265, 249, 254, 78, 300, 66, 206]
331 [1, 181, 260, 59, 131, 144, 218, 318, 327, 20, 31, 192, 322, 303, 112, 327, 214, 191, 142, 165, 119, 215, 34, 53, 238, 194, 184, 166, 77, 46, 145, 108, 157, 216, 283, 310, 82, 0, 221, 207, 83, 188, 57, 89, 186, 303, 283, 126, 11, 96, 248, 176, 114, 318, 85, 148, 39, 29, 293, 141, 323, 122, 299, 191, 160, 166, 80, 2, 215, 199, 114, 56, 207, 285, 190, 298, 273, 95]
337 [1, 193, 302, 204, 116, 170, 280, 64, 335, 118, 196, 204, 332, 111, 237, 236, 315, 90, 321, 15, 317, 66, 60, 86, 67, 303, 267, 119, 40, 144, 329, 304, 279, 35, 246, 216, 72, 32, 274, 78, 148, 327, 234, 6, 255, 149, 275, 176, 133, 40, 198, 208, 291, 136, 140, 236, 32, 204, 124, 1, 64, 110, 219, 191, 274, 319, 228, 182, 328, 96, 167, 33, 14, 122, 298, 224, 270, 243, 293, 245]
347 [1, 329, 250, 203, 187, 238, 117, 123, 64, 186, 112, 167, 132, 116, 207, 41, 113, 101, 167, 301, 267, 284, 50, 61, 160, 173, 181, 64, 198, 114, 322, 180, 313, 75, 304, 310, 246, 269, 162, 125, 218, 66, 12, 120, 320, 320, 178, 196, 131, 115, 258, 104, 54, 45, 190, 292, 51, 58, 123, 337, 51, 52, 157, 37, 160, 337, 299, 113, 260, 340, 187, 12, 115, 111, 333, 113, 162, 227, 79, 262, 337, 112]
349 [1, 340, 305, 94, 241, 153, 43, 314, 12, 77, 269, 315, 132, 236, 318, 279, 333, 326, 280, 141, 18, 142, 306, 345, 88, 341, 187, 312, 265, 248, 344, 197, 340, 244, 180, 186, 149, 133, 260, 147, 207, 336, 317, 74, 189, 346, 227, 154, 290, 182, 298, 262, 236, 259, 163, 17, 3, 216, 203, 1, 153, 10, 237, 272, 178, 219, 24, 160, 326, 223, 79, 274, 204, 196, 229, 236, 325, 150, 180, 96, 196, 51, 139]
353 [1, 140, 91, 234, 203, 241, 269, 157, 240, 269, 319, 185, 229, 53, 44, 340, 81, 113, 112, 18, 96, 118, 345, 171, 249, 331, 148, 19, 56, 130, 237, 81, 104, 133, 261, 174, 0, 162, 101, 145, 347, 230, 73, 200, 135, 296, 77, 74, 3, 215, 156, 63, 159, 119, 39, 95, 240, 289, 152, 22, 116, 333, 206, 176, 233, 188, 66, 31, 7, 207, 20, 4, 182, 166, 204, 2, 67, 9, 159, 170, 339, 277, 204, 92]
359 [1, 164, 209, 197, 70, 192, 186, 293, 107, 24, 94, 323, 255, 346, 264, 205, 321, 351, 312, 63, 155, 23, 39, 195, 159, 172, 124, 114, 253, 204, 358, 81, 124, 305, 96, 326, 155, 41, 182, 148, 115, 24, 155, 269, 196, 228, 67, 324, 94, 164, 164, 231, 237, 341, 16, 223, 94, 73, 230, 152, 254, 210, 116, 336, 196, 55, 155, 30, 269, 320, 8, 84, 146, 262, 301, 51, 68, 272, 20, 84, 225, 277, 287, 7, 195]
367 [1, 22, 117, 252, 184, 323, 265, 335, 306, 131, 275, 26, 8, 118, 150, 160, 359, 242, 173, 342, 23, 286, 221, 160, 252, 151, 339, 33, 84, 18, 95, 126, 254, 42, 344, 44, 277, 201, 80, 45, 91, 249, 41, 16, 163, 298, 205, 110, 148, 256, 284, 224, 235, 154, 142, 126, 216, 292, 286, 290, 99, 126, 106, 35, 17, 163, 328, 222, 22, 126, 141, 181, 43, 357, 358, 208, 232, 87, 207, 44, 6, 48, 235, 328, 272, 258, 338]
373 [1, 92, 188, 39, 243, 105, 277, 331, 96, 139, 265, 216, 41, 114, 331, 345, 163, 233, 2, 309, 350, 127, 193, 42, 302, 285, 227, 240, 31, 208, 365, 310, 129, 155, 261, 27, 8, 190, 308, 257, 247, 247, 47, 126, 275, 194, 325, 316, 243, 164, 256, 92, 231, 253, 205, 190, 149, 201, 298, 77, 222, 60, 211, 320, 357, 334, 45, 310, 61, 110, 4, 317, 147, 229, 222, 94, 296, 175, 365, 266, 366, 55, 284, 310, 132, 318, 133, 110, 54]
379 [1, 11, 132, 42, 45, 45, 142, 46, 113, 106, 80, 73, 45, 140, 210, 0, 290, 115, 91, 54, 177, 44, 314, 186, 349, 291, 288, 8, 186, 162, 34, 305, 195, 58, 4, 46, 52, 312, 224, 342, 65, 208, 324, 253, 210, 70, 273, 339, 252, 148, 133, 58, 227, 273, 335, 300, 256, 101, 4, 335, 309, 250, 338, 353, 294, 3, 205, 259, 332, 216, 74, 324, 264, 85, 160, 135, 292, 353, 15, 291, 360, 6, 377, 337, 278, 369, 114, 114, 157, 302]
383 [1, 317, 21, 63, 309, 275, 344, 81, 185, 294, 130, 223, 191, 17, 345, 110, 255, 226, 239, 135, 328, 243, 126, 375, 49, 182, 185, 43, 348, 64, 346, 211, 159, 55, 77, 155, 207, 280, 75, 341, 320, 95, 261, 23, 1, 365, 67, 270, 64, 266, 203, 28, 360, 211, 17, 188, 52, 228, 98, 224, 223, 310, 134, 140, 357, 104, 246, 257, 59, 134, 288, 128, 74, 254, 158, 103, 156, 324, 300, 283, 13, 138, 191, 1, 153, 306, 236, 18, 117, 287, 73]
389 [1, 247, 182, 103, 229, 261, 247, 302, 211, 194, 236, 15, 285, 217, 288, 76, 232, 293, 201, 273, 297, 115, 115, 333, 276, 333, 108, 381, 43, 333, 263, 280, 40, 383, 102, 171, 276, 1, 49, 269, 59, 188, 167, 82, 7, 135, 296, 223, 345, 85, 146, 314, 333, 322, 359, 200, 283, 242, 30, 334, 360, 147, 207, 48, 251, 11, 84, 238, 131, 186, 327, 72, 287, 184, 219, 345, 338, 233, 218, 305, 214, 270, 255, 168, 339, 181, 18, 157, 375, 182, 16, 5, 81]
397 [1, 208, 242, 367, 388, 57, 304, 124, 330, 47, 315, 61, 326, 149, 237, 94, 382, 196, 390, 48, 215, 42, 52, 42, 145, 262, 247, 65, 233, 77, 29, 57, 292, 315, 356, 55, 254, 154, 169, 281, 243, 383, 351, 341, 138, 18, 144, 368, 349, 330, 261, 376, 333, 301, 82, 348, 223, 164, 264, 125, 22, 138, 268, 229, 343, 313, 113, 49, 275, 252, 285, 281, 66, 344, 280, 251, 309, 138, 107, 259, 190, 385, 262, 242, 281, 297, 17, 88, 24, 12, 254, 193, 93, 185, 155]
401 [1, 322, 374, 202, 88, 346, 60, 396, 223, 159, 54, 189, 26, 127, 191, 385, 12, 216, 396, 126, 345, 74, 231, 47, 330, 282, 113, 230, 196, 220, 168, 172, 74, 181, 295, 173, 65, 54, 212, 311, 330, 176, 106, 52, 166, 275, 157, 158, 380, 324, 264, 47, 383, 385, 72, 81, 325, 126, 176, 248, 183, 29, 245, 144, 258, 67, 380, 345, 362, 197, 173, 123, 264, 358, 74, 184, 59, 85, 15, 326, 320, 74, 223, 195, 29, 392, 103, 147, 321, 281, 153, 185, 124, 98, 312, 154]
409 [1, 85, 332, 165, 280, 406, 180, 325, 54, 183, 77, 392, 402, 262, 236, 265, 13, 373, 401, 299, 205, 332, 256, 96, 162, 259, 115, 33, 111, 397, 155, 203, 239, 37, 303, 48, 175, 14, 206, 49, 131, 397, 272, 371, 277, 246, 211, 350, 29, 370, 47, 48, 34, 83, 300, 303, 205, 305, 238, 94, 338, 275, 298, 196, 164, 389, 408, 259, 185, 202, 263, 389, 294, 28, 47, 11, 205, 340, 282, 363, 78, 199, 164, 392, 217, 247, 177, 175, 59, 110, 288, 288, 257, 81, 336, 342, 284, 246]
419 [1, 97, 177, 252, 238, 108, 166, 256, 96, 193, 243, 351, 46, 357, 140, 120, 232, 219, 283, 86, 97, 151, 33, 239, 28, 46, 72, 75, 392, 101, 88, 220, 2, 278, 93, 254, 249, 392, 52, 180, 414, 193, 25, 310, 381, 89, 113, 412, 372, 226, 0, 57, 241, 194, 168, 306, 333, 23, 275, 241, 195, 330, 96, 390, 49, 269, 225, 99, 332, 244, 360, 67, 253, 1, 221, 215, 293, 240, 187, 159, 205, 13, 161, 50, 151, 164, 310, 410, 395, 60, 22, 236, 369, 75, 145, 243, 254, 81, 370, 333]
421 [1, 333, 193, 146, 21, 353, 119, 140, 48, 283, 208, 163, 282, 357, 224, 371, 405, 55, 191, 367, 81, 140, 7, 280, 15, 63, 178, 237, 111, 150, 403, 360, 354, 364, 362, 98, 395, 227, 289, 244, 235, 402, 177, 192, 163, 139, 317, 282, 163, 255, 221, 194, 194, 100, 90, 396, 233, 23, 248, 357, 171, 156, 383, 243, 39, 78, 33, 401, 285, 219, 204, 347, 383, 115, 291, 20, 308, 224, 42, 399, 329, 21, 64, 395, 128, 228, 27, 29, 321, 158, 10, 151, 168, 409, 94, 11, 216, 87, 74, 401, 287]
431 [1, 319, 304, 371, 68, 333, 193, 105, 186, 161, 166, 397, 420, 61, 121, 153, 170, 388, 183, 412, 277, 391, 287, 353, 312, 427, 334, 301, 107, 308, 184, 192, 56, 93, 189, 333, 119, 25, 407, 66, 301, 12, 212, 343, 422, 144, 200, 277, 307, 383, 301, 186, 35, 114, 313, 277, 401, 250, 229, 164, 152, 283, 235, 33, 403, 267, 388, 187, 126, 30, 218, 57, 417, 212, 150, 285, 168, 414, 395, 50, 310, 24, 126, 10, 176, 17, 238, 42, 208, 220, 393, 65, 284, 184, 159, 170, 320, 306, 178, 316, 428, 2, 117]
433 [1, 314, 40, 411, 328, 123, 432, 227, 18, 2, 319, 201, 292, 232, 30, 383, 200, 72, 222, 399, 337, 386, 137, 195, 287, 396, 54, 186, 25, 247, 168, 189, 178, 321, 30, 393, 173, 372, 37, 10, 143, 308, 251, 4, 406, 292, 166, 240, 50, 204, 234, 125, 155, 354, 36, 419, 321, 346, 212, 143, 186, 269, 19, 264, 397, 24, 115, 132, 413, 277, 65, 394, 51, 406, 281, 288, 108, 299, 157, 164, 177, 186, 370, 385, 366, 320, 48, 352, 383, 362, 137, 281, 83, 378, 151, 198, 91, 411, 193, 180, 32, 361, 246, 255]
439 [1, 124, 128, 190, 209, 212, 13, 94, 113, 87, 175, 164, 148, 40, 278, 60, 375, 342, 5, 114, 388, 212, 39, 76, 392, 202, 323, 74, 64, 194, 239, 83, 336, 373, 323, 1, 304, 265, 417, 234, 257, 333, 53, 196, 114, 212, 78, 3, 231, 409, 100, 262, 423, 127, 379, 349, 3, 233, 341, 437, 190, 271, 56, 35, 434, 16, 312, 218, 109, 201, 184, 276, 129, 270, 420, 6, 3, 19, 93, 402, 222, 227, 119, 250, 203, 37, 46, 260, 251, 186, 398, 246, 233, 319, 251, 33, 10, 24, 261, 235, 331, 320, 394, 406, 161]
443 [1, 407, 415, 390, 172, 136, 372, 114, 291, 143, 301, 26, 275, 30, 235, 222, 293, 9, 3, 158, 316, 41, 207, 225, 169, 384, 40, 327, 377, 431, 149, 324, 358, 367, 241, 347, 315, 347, 38, 359, 52, 158, 300, 327, 123, 339, 348, 325, 273, 148, 126, 36, 203, 127, 184, 311, 65, 41, 245, 363, 342, 402, 200, 393, 23, 3, 85, 222, 416, 206, 386, 129, 135, 128, 372, 112, 128, 138, 108, 9, 355, 13, 167, 126, 41, 62, 135, 66, 99, 258, 107, 71, 235, 415, 108, 169, 349, 163, 33, 330, 392, 29, 420, 154, 215, 109]
449 [1, 169, 322, 399, 50, 320, 426, 157, 135, 70, 215, 7, 305, 320, 248, 15, 41, 70, 394, 27, 398, 25, 320, 342, 302, 435, 358, 136, 5, 256, 420, 3, 407, 167, 118, 259, 103, 139, 242, 143, 161, 17, 399, 189, 84, 148, 107, 205, 210, 221, 418, 73, 84, 440, 42, 441, 216, 27, 86, 327, 182, 236, 84, 251, 247, 44, 373, 255, 115, 92, 441, 323, 147, 396, 345, 309, 306, 443, 396, 84, 39, 229, 253, 332, 117, 300, 10, 396, 368, 206, 322, 287, 190, 442, 352, 69, 207, 283, 390, 334, 381, 181, 262, 62, 130, 431, 309, 196]
457 [1, 56, 205, 350, 230, 363, 314, 298, 68, 104, 319, 409, 417, 239, 170, 350, 186, 8, 21, 362, 438, 9, 243, 284, 444, 315, 324, 142, 367, 87, 368, 104, 139, 159, 449, 28, 414, 221, 109, 190, 133, 400, 273, 281, 125, 327, 137, 375, 212, 193, 422, 236, 265, 157, 65, 201, 380, 258, 284, 288, 430, 372, 371, 382, 292, 242, 383, 173, 57, 350, 331, 390, 65, 209, 426, 342, 77, 354, 193, 244, 241, 220, 266, 446, 289, 250, 50, 125, 90, 48, 71, 34, 229, 90, 407, 225, 397, 119, 394, 146, 344, 235, 94, 314, 323, 222, 4, 141, 407, 7]
461 [1, 143, 101, 111, 346, 403, 58, 127, 337, 430, 287, 71, 39, 49, 119, 250, 367, 141, 190, 24, 14, 166, 18, 37, 332, 268, 317, 230, 401, 179, 369, 340, 384, 239, 236, 163, 217, 38, 460, 147, 350, 162, 31, 92, 257, 178, 17, 11, 65, 354, 349, 278, 111, 162, 456, 224, 38, 332, 158, 197, 218, 411, 130, 93, 88, 291, 291, 18, 237, 414, 186, 42, 307, 178, 334, 63, 92, 244, 124, 244, 393, 389, 148, 294, 242, 270, 268, 455, 366, 55, 383, 398, 1, 253, 310, 238, 76, 205, 422, 327, 36, 210, 120, 16, 1, 50, 356, 158, 230, 408, 153]
463 [1, 213, 71, 38, 137, 80, 258, 275, 133, 57, 20, 90, 313, 322, 239, 35, 14, 341, 261, 419, 414, 255, 67, 81, 5, 356, 146, 412, 382, 115, 129, 426, 112, 331, 359, 338, 420, 179, 366, 439, 212, 236, 228, 415, 254, 374, 267, 365, 125, 81, 329, 44, 378, 448, 407, 93, 10, 279, 93, 2, 367, 338, 176, 283, 318, 104, 376, 325, 200, 404, 304, 126, 448, 400, 86, 268, 353, 174, 228, 315, 235, 352, 182, 103, 183, 199, 279, 0, 179, 167, 181, 133, 344, 324, 267, 349, 253, 425, 345, 18, 46, 191, 451, 247, 359, 108, 220, 33, 370, 436, 356]
467 [1, 420, 16, 13, 49, 41, 16, 407, 52, 239, 457, 260, 148, 305, 109, 403, 177, 82, 332, 313, 327, 127, 336, 288, 310, 453, 437, 352, 440, 444, 11, 77, 91, 375, 391, 198, 225, 34, 316, 74, 410, 307, 236, 93, 351, 446, 262, 266, 288, 43, 416, 346, 83, 254, 14, 217, 17, 22, 243, 271, 449, 130, 376, 355, 389, 1, 16, 255, 97, 35, 132, 183, 20, 12, 56, 389, 399, 174, 373, 71, 462, 456, 155, 400, 429, 326, 241, 162, 227, 44, 46, 36, 84, 3, 419, 148, 51, 179, 434, 199, 402, 250, 65, 53, 380, 314, 178, 131, 237, 219, 156, 344]
479 [1, 296, 49, 225, 343, 439, 416, 62, 147, 236, 178, 441, 383, 397, 314, 113, 157, 423, 30, 20, 111, 249, 275, 241, 123, 191, 379, 325, 55, 426, 392, 1, 327, 341, 129, 465, 466, 240, 262, 229, 44, 81, 261, 438, 166, 304, 224, 284, 296, 389, 386, 134, 216, 196, 276, 147, 353, 216, 258, 106, 385, 240, 354, 227, 274, 413, 456, 245, 104, 266, 444, 145, 442, 104, 386, 9, 50, 2, 458, 341, 438, 228, 465, 99, 202, 204, 416, 375, 477, 109, 264, 24, 1, 92, 176, 463, 286, 176, 110, 191, 5, 49, 450, 4, 179, 431, 17, 405, 76, 185, 105, 0, 2, 201, 313]
487 [1, 91, 402, 207, 93, 376, 79, 242, 348, 397, 283, 326, 401, 432, 323, 163, 475, 104, 405, 64, 445, 418, 375, 196, 269, 39, 391, 247, 227, 289, 345, 193, 162, 422, 486, 375, 456, 273, 274, 396, 61, 264, 466, 7, 336, 147, 388, 64, 347, 383, 408, 266, 455, 235, 34, 172, 145, 94, 423, 438, 130, 470, 156, 168, 103, 69, 251, 441, 82, 440, 268, 337, 324, 205, 118, 111, 441, 296, 179, 336, 16, 335, 485, 428, 166, 115, 20, 52, 406, 320, 467, 430, 256, 196, 252, 238, 7, 88, 120, 304, 315, 155, 330, 91, 378, 234, 213, 100, 26, 207, 345, 285, 415, 354, 370, 246, 427]
491 [1, 336, 313, 414, 374, 421, 282, 87, 362, 208, 79, 147, 96, 7, 412, 184, 259, 87, 429, 143, 74, 441, 70, 308, 206, 295, 455, 224, 164, 376, 157, 114, 153, 149, 199, 260, 71, 25, 18, 433, 443, 299, 379, 232, 354, 27, 331, 361, 81, 392, 424, 165, 341, 222, 31, 284, 113, 478, 200, 54, 0, 182, 1, 486, 6, 44, 320, 314, 43, 49, 130, 166, 163, 419, 32, 2, 92, 60, 423, 319, 396, 387, 338, 186, 396, 53, 15, 80, 62, 84, 65, 101, 139, 437, 326, 473, 221, 245, 136, 53, 330, 191, 157, 409, 24, 157, 171, 292, 359, 406, 483, 320, 56, 405, 196, 230, 463, 168]
499 [1, 310, 45, 200, 78, 104, 11, 183, 347, 116, 86, 330, 21, 21, 198, 128, 301, 288, 300, 402, 150, 320, 359, 365, 265, 286, 454, 44, 313, 82, 391, 158, 334, 141, 433, 331, 363, 324, 354, 184, 267, 322, 147, 367, 83, 447, 121, 386, 300, 201, 359, 429, 260, 259, 246, 369, 0, 245, 193, 56, 161, 447, 463, 448, 272, 298, 146, 166, 372, 136, 28, 213, 297, 316, 54, 293, 15, 476, 390, 461, 360, 414, 281, 437, 385, 78, 277, 294, 131, 98, 224, 433, 251, 23, 305, 179, 40, 198, 53, 221, 132, 195, 69, 12, 210, 212, 122, 20, 28, 447, 491, 393, 487, 82, 349, 252, 326, 204, 414, 281]
503 [1, 374, 242, 158, 100, 67, 267, 308, 212, 477, 372, 233, 483, 195, 195, 86, 362, 340, 414, 61, 485, 92, 83, 406, 335, 95, 314, 43, 463, 156, 391, 277, 56, 207, 204, 290, 228, 183, 432, 432, 401, 338, 193, 70, 495, 269, 311, 290, 385, 272, 412, 378, 236, 477, 169, 239, 26, 87, 273, 109, 298, 300, 248, 317, 353, 52, 8, 376, 343, 24, 487, 135, 96, 238, 119, 271, 449, 310, 276, 206, 134, 372, 59, 14, 335, 11, 125, 268, 123, 53, 368, 158, 177, 451, 423, 300, 312, 460, 358, 445, 115, 179, 72, 23, 232, 132, 178, 448, 476, 124, 263, 455, 252, 34, 450, 320, 63, 408, 286, 500, 1]
509 [1, 26, 33, 172, 245, 334, 207, 259, 479, 103, 168, 176, 444, 331, 183, 96, 247, 291, 397, 437, 17, 203, 92, 157, 362, 127, 69, 30, 89, 140, 499, 70, 299, 72, 491, 396, 390, 368, 367, 15, 410, 200, 392, 361, 438, 112, 213, 56, 205, 235, 73, 274, 164, 475, 286, 189, 194, 435, 504, 208, 394, 149, 174, 104, 447, 217, 150, 403, 289, 444, 139, 463, 174, 71, 330, 430, 258, 60, 152, 499, 104, 81, 347, 484, 92, 21, 110, 124, 185, 313, 211, 30, 182, 350, 217, 233, 398, 234, 62, 168, 322, 17, 26, 157, 298, 119, 382, 394, 138, 350, 508, 153, 379, 152, 480, 24, 171, 163, 372, 160, 299, 305, 420]
521 [1, 220, 491, 221, 176, 102, 315, 450, 229, 431, 214, 395, 156, 291, 6, 418, 187, 109, 2, 227, 492, 273, 459, 471, 34, 339, 371, 265, 97, 226, 95, 17, 172, 481, 67, 480, 165, 112, 229, 118, 355, 112, 5, 75, 292, 146, 302, 159, 153, 175, 35, 98, 106, 374, 316, 367, 339, 433, 92, 301, 316, 143, 383, 508, 57, 107, 106, 509, 125, 507, 307, 392, 383, 435, 24, 484, 430, 417, 85, 246, 168, 194, 189, 518, 520, 31, 399, 157, 487, 164, 265, 513, 281, 343, 253, 327, 109, 310, 392, 21, 277, 289, 106, 86, 211, 112, 203, 241, 16, 174, 70, 471, 255, 232, 180, 230, 242, 101, 416, 65, 69, 418, 484, 95, 122, 407]
523 [1, 141, 309, 209, 205, 348, 435, 45, 348, 10, 507, 123, 312, 125, 242, 162, 44, 407, 55, 396, 33, 209, 135, 113, 458, 440, 174, 370, 450, 409, 184, 54, 222, 91, 330, 43, 498, 521, 120, 421, 378, 230, 71, 159, 325, 56, 267, 318, 353, 440, 37, 229, 165, 431, 257, 191, 294, 331, 79, 492, 72, 220, 346, 148, 316, 97, 304, 400, 484, 437, 205, 136, 147, 392, 30, 439, 85, 476, 368, 315, 52, 433, 31, 367, 459, 80, 458, 235, 361, 44, 401, 37, 241, 124, 86, 52, 142, 139, 179, 247, 256, 82, 285, 13, 80, 166, 214, 77, 409, 47, 128, 346, 452, 460, 314, 235, 423, 45, 519, 13, 460, 95, 503, 56, 164, 402]
541 [1, 464, 127, 452, 114, 282, 389, 220, 98, 145, 283, 16, 356, 427, 325, 170, 184, 421, 11, 301, 77, 224, 143, 203, 18, 275, 3, 78, 237, 475, 404, 333, 462, 534, 113, 78, 253, 291, 60, 305, 227, 154, 329, 461, 217, 326, 49, 251, 534, 536, 471, 530, 285, 424, 61, 328, 289, 149, 54, 382, 370, 160, 36, 181, 520, 206, 321, 117, 349, 192, 5, 93, 246, 142, 467, 207, 373, 320, 245, 369, 192, 21, 368, 209, 79, 150, 122, 142, 468, 405, 53, 308, 86, 313, 62, 199, 400, 507, 200, 360, 435, 249, 56, 462, 258, 158, 463, 86, 60, 327, 73, 26, 465, 170, 178, 200, 91, 469, 367, 408, 161, 440, 352, 460, 401, 115, 67, 465, 387, 182, 513]
547 [1, 205, 193, 10, 504, 495, 223, 253, 131, 378, 521, 94, 331, 481, 27, 445, 472, 303, 224, 243, 423, 203, 346, 18, 199, 307, 466, 419, 523, 21, 21, 504, 108, 21, 43, 463, 129, 49, 365, 332, 476, 336, 152, 289, 110, 396, 441, 455, 294, 460, 158, 407, 259, 46, 496, 214, 414, 31, 469, 79, 163, 41, 225, 521, 373, 125, 378, 114, 496, 353, 387, 540, 84, 400, 51, 277, 325, 473, 508, 217, 22, 364, 541, 528, 292, 321, 232, 240, 102, 544, 426, 281, 97, 94, 7, 507, 149, 343, 511, 77, 52, 163, 359, 333, 143, 323, 528, 44, 270, 469, 113, 538, 518, 481, 429, 418, 441, 220, 121, 421, 104, 546, 225, 278, 379, 80, 128, 458, 214, 538, 173, 85]
557 [1, 500, 7, 15, 240, 467, 417, 119, 480, 70, 186, 524, 74, 46, 267, 110, 111, 475, 112, 544, 231, 301, 465, 175, 85, 459, 409, 451, 167, 333, 288, 478, 65, 432, 488, 54, 458, 368, 320, 508, 398, 529, 152, 91, 231, 282, 531, 291, 479, 339, 24, 353, 164, 79, 475, 209, 465, 221, 345, 59, 146, 253, 266, 190, 15, 248, 101, 436, 280, 251, 44, 227, 475, 26, 508, 230, 503, 508, 510, 410, 65, 225, 318, 219, 86, 306, 213, 456, 59, 530, 244, 27, 367, 507, 28, 554, 15, 209, 225, 48, 527, 73, 391, 399, 272, 304, 478, 519, 295, 20, 71, 155, 267, 293, 322, 408, 556, 21, 237, 300, 125, 181, 189, 88, 362, 401, 548, 363, 448, 123, 534, 396, 100, 503, 482]
563 [1, 450, 297, 113, 423, 541, 63, 269, 182, 471, 62, 220, 548, 313, 259, 54, 263, 562, 6, 362, 407, 329, 285, 179, 45, 40, 523, 441, 109, 399, 488, 188, 363, 396, 217, 161, 409, 523, 466, 500, 405, 144, 234, 500, 146, 306, 278, 545, 317, 54, 453, 70, 495, 545, 229, 377, 261, 109, 203, 540, 253, 532, 84, 215, 27, 481, 276, 64, 11, 415, 255, 97, 551, 341, 535, 506, 245, 266, 368, 491, 314, 553, 113, 228, 57, 53, 65, 546, 202, 233, 273, 33, 313, 223, 467, 460, 106, 258, 244, 327, 7, 556, 244, 338, 413, 134, 78, 33, 21, 460, 464, 435, 405, 177, 263, 340, 517, 328, 55, 229, 225, 84, 394, 16, 293, 461, 300, 9, 271, 122, 276, 423, 502, 303, 353, 317]
569 [1, 23, 253, 258, 244, 38, 12, 322, 523, 384, 365, 505, 214, 134, 173, 166, 366, 370, 40, 439, 172, 346, 311, 401, 190, 266, 418, 6, 359, 520, 252, 282, 189, 196, 1, 142, 123, 272, 544, 43, 16, 49, 136, 172, 256, 321, 472, 54, 208, 119, 323, 42, 452, 390, 311, 404, 195, 529, 119, 193, 127, 446, 353, 409, 265, 77, 215, 471, 461, 131, 259, 419, 481, 328, 423, 351, 474, 46, 337, 18, 4, 72, 275, 424, 65, 234, 359, 303, 542, 135, 322, 362, 465, 326, 506, 75, 558, 16, 423, 226, 24, 350, 321, 501, 301, 202, 479, 322, 424, 71, 9, 145, 160, 424, 304, 97, 505, 291, 536, 269, 397, 431, 492, 400, 258, 124, 438, 345, 430, 208, 281, 422, 420, 113, 42, 142, 65, 529]
571 [1, 463, 268, 157, 333, 540, 474, 101, 113, 518, 410, 378, 157, 68, 180, 338, 522, 548, 241, 67, 190, 399, 70, 397, 187, 463, 498, 303, 59, 236, 173, 396, 383, 517, 431, 83, 502, 249, 370, 476, 321, 402, 549, 212, 29, 551, 205, 10, 504, 336, 165, 217, 101, 533, 108, 113, 29, 271, 332, 40, 92, 407, 344, 264, 14, 106, 10, 5, 139, 28, 154, 439, 243, 160, 34, 520, 167, 134, 452, 278, 568, 404, 532, 318, 117, 334, 289, 336, 484, 475, 369, 163, 476, 284, 113, 272, 316, 241, 495, 506, 146, 504, 222, 381, 84, 503, 423, 242, 205, 565, 535, 294, 391, 303, 442, 466, 414, 514, 42, 31, 28, 364, 40, 108, 500, 243, 261, 541, 175, 358, 405, 248, 389, 233, 8, 28, 179, 329]
577 [1, 284, 177, 504, 484, 155, 345, 133, 94, 327, 123, 254, 225, 541, 536, 0, 276, 425, 292, 198, 33, 495, 235, 447, 439, 237, 23, 361, 166, 452, 33, 341, 360, 192, 50, 370, 454, 507, 379, 320, 7, 65, 172, 6, 201, 253, 287, 339, 346, 92, 430, 182, 138, 364, 456, 74, 182, 412, 24, 413, 406, 374, 237, 137, 519, 389, 140, 181, 402, 112, 307, 441, 519, 236, 47, 156, 334, 184, 93, 493, 350, 183, 89, 334, 401, 436, 399, 112, 206, 225, 113, 261, 123, 57, 272, 109, 27, 180, 389, 418, 459, 29, 428, 168, 430, 312, 245, 510, 55, 442, 139, 53, 41, 476, 561, 483, 259, 178, 168, 284, 162, 81, 326, 317, 235, 41, 184, 305, 48, 437, 439, 474, 563, 256, 284, 343, 382, 15, 528, 436]
587 [1, 97, 61, 108, 415, 410, 397, 200, 326, 288, 509, 136, 223, 525, 232, 392, 121, 336, 409, 288, 12, 52, 509, 51, 424, 150, 583, 569, 146, 374, 457, 35, 238, 189, 355, 131, 69, 543, 58, 131, 487, 255, 225, 100, 377, 293, 576, 209, 309, 30, 39, 153, 570, 494, 538, 311, 512, 529, 354, 154, 519, 361, 269, 460, 499, 263, 177, 14, 41, 499, 55, 426, 427, 421, 225, 26, 290, 305, 282, 24, 290, 106, 363, 403, 93, 353, 251, 514, 508, 131, 510, 136, 73, 192, 57, 99, 362, 43, 32, 34, 530, 265, 209, 356, 509, 282, 528, 307, 306, 127, 7, 505, 93, 423, 237, 483, 417, 168, 159, 288, 437, 217, 438, 118, 438, 190, 420, 249, 33, 351, 280, 154, 303, 218, 211, 520, 337, 418, 250, 521, 456, 532]
593 [1, 401, 1, 559, 411, 359, 373, 138, 508, 399, 110, 159, 244, 368, 90, 283, 176, 117, 362, 387, 523, 451, 237, 462, 244, 84, 72, 44, 373, 500, 522, 353, 547, 110, 355, 41, 303, 341, 268, 506, 338, 274, 291, 433, 5, 563, 387, 154, 104, 258, 409, 369, 560, 549, 274, 158, 108, 145, 330, 137, 100, 332, 425, 201, 113, 425, 176, 34, 422, 536, 228, 249, 339, 120, 200, 8, 546, 142, 153, 496, 543, 352, 206, 275, 196, 431, 464, 219, 261, 301, 167, 46, 372, 586, 57, 152, 509, 516, 17, 400, 150, 172, 408, 327, 489, 112, 590, 563, 579, 405, 524, 511, 13, 483, 243, 85, 7, 44, 32, 147, 554, 255, 401, 210, 368, 538, 574, 5, 180, 489, 94, 235, 516, 585, 119, 384, 339, 270, 448, 56, 148, 556, 215, 85]
599 [1, 280, 303, 471, 202, 567, 553, 557, 268, 565, 424, 87, 141, 183, 232, 573, 543, 314, 264, 434, 467, 578, 588, 36, 261, 12, 366, 409, 205, 109, 63, 133, 457, 77, 31, 347, 76, 481, 177, 6, 461, 212, 211, 278, 441, 469, 478, 343, 479, 488, 362, 255, 301, 141, 478, 366, 440, 467, 265, 399, 8, 275, 75, 592, 524, 106, 477, 144, 181, 238, 567, 391, 461, 209, 325, 205, 299, 287, 244, 154, 559, 451, 443, 419, 581, 306, 525, 241, 497, 82, 15, 444, 459, 495, 75, 534, 346, 5, 532, 180, 512, 296, 199, 151, 71, 59, 36, 370, 500, 220, 16, 0, 257, 4, 66, 171, 202, 249, 61, 123, 462, 488, 111, 534, 515, 307, 81, 550, 125, 391, 579, 25, 151, 314, 388, 371, 450, 2, 57, 581, 440, 325, 502, 525, 327]
601 [1, 532, 151, 194, 14, 165, 546, 234, 44, 368, 14, 566, 434, 394, 257, 323, 216, 203, 14, 122, 168, 43, 260, 509, 67, 150, 205, 462, 210, 384, 175, 441, 585, 60, 567, 100, 53, 319, 21, 451, 332, 226, 445, 427, 476, 166, 496, 65, 179, 398, 429, 452, 143, 518, 288, 316, 534, 117, 94, 587, 311, 128, 164, 222, 0, 69, 177, 284, 407, 379, 33, 365, 441, 326, 112, 333, 523, 155, 130, 245, 310, 311, 409, 398, 500, 130, 28, 134, 337, 117, 325, 557, 51, 9, 600, 491, 373, 239, 379, 266, 55, 10, 390, 30, 344, 522, 491, 188, 496, 588, 458, 305, 426, 234, 267, 447, 315, 327, 263, 111, 180, 382, 164, 474, 348, 196, 362, 399, 251, 74, 154, 199, 521, 172, 507, 250, 207, 151, 341, 550, 12, 344, 68, 420, 549, 505]
607 [1, 69, 45, 109, 260, 86, 586, 255, 183, 435, 35, 261, 604, 386, 526, 536, 67, 232, 302, 583, 362, 14, 455, 13, 476, 159, 588, 76, 360, 320, 189, 282, 272, 88, 256, 347, 280, 262, 350, 598, 563, 234, 355, 212, 104, 311, 581, 498, 410, 351, 595, 387, 501, 545, 53, 132, 21, 73, 449, 461, 70, 133, 7, 470, 460, 212, 578, 466, 228, 512, 17, 487, 120, 429, 497, 333, 47, 439, 386, 303, 592, 90, 217, 556, 577, 435, 434, 140, 230, 402, 59, 198, 357, 361, 17, 147, 455, 421, 293, 297, 542, 367, 553, 246, 277, 340, 216, 198, 374, 593, 252, 486, 509, 81, 255, 499, 306, 339, 314, 2, 43, 6, 286, 19, 227, 422, 303, 520, 251, 212, 51, 15, 493, 320, 13, 148, 199, 94, 219, 521, 69, 302, 429, 58, 237, 123, 427]
613 [1, 531, 398, 70, 435, 2, 5, 395, 525, 468, 463, 38, 264, 101, 116, 66, 348, 162, 504, 491, 269, 458, 67, 260, 372, 328, 224, 611, 581, 136, 532, 117, 149, 149, 158, 272, 397, 191, 176, 502, 12, 504, 469, 310, 175, 174, 280, 516, 28, 412, 408, 37, 118, 445, 186, 608, 490, 164, 73, 8, 369, 505, 448, 374, 416, 159, 583, 15, 331, 115, 596, 292, 29, 96, 338, 325, 145, 429, 499, 33, 542, 252, 190, 611, 169, 60, 132, 122, 385, 87, 293, 431, 255, 4, 519, 103, 242, 19, 13, 20, 159, 25, 233, 112, 232, 465, 410, 245, 113, 110, 95, 315, 592, 323, 296, 263, 491, 156, 278, 114, 576, 129, 119, 191, 561, 91, 558, 435, 420, 402, 41, 141, 587, 6, 149, 472, 493, 1, 363, 87, 35, 72, 470, 378, 11, 91, 72, 534, 492]
617 [1, 264, 525, 407, 404, 284, 399, 1, 210, 411, 121, 593, 561, 426, 292, 573, 435, 270, 335, 589, 610, 569, 154, 391, 355, 87, 378, 408, 329, 68, 389, 263, 218, 285, 391, 246, 61, 540, 189, 382, 389, 507, 187, 36, 531, 24, 322, 308, 322, 19, 31, 241, 117, 231, 358, 589, 494, 440, 238, 360, 433, 360, 306, 188, 461, 602, 492, 527, 243, 606, 363, 463, 269, 504, 144, 49, 322, 210, 87, 224, 504, 67, 493, 332, 293, 615, 492, 505, 339, 464, 416, 400, 482, 373, 254, 111, 551, 171, 245, 252, 100, 579, 498, 457, 145, 501, 410, 226, 226, 167, 300, 482, 232, 425, 369, 560, 406, 319, 541, 350, 257, 577, 591, 211, 598, 236, 320, 143, 483, 574, 165, 141, 357, 28, 79, 501, 463, 487, 392, 230, 392, 208, 537, 428, 565, 70, 388, 165, 462, 224]
619 [1, 321, 266, 549, 15, 384, 526, 263, 24, 455, 190, 42, 447, 183, 294, 180, 397, 452, 460, 3, 554, 66, 491, 578, 418, 261, 5, 159, 569, 414, 51, 328, 30, 561, 501, 473, 319, 19, 189, 213, 273, 155, 176, 43, 550, 316, 545, 496, 415, 398, 324, 2, 315, 614, 115, 29, 278, 275, 618, 118, 84, 251, 496, 382, 313, 507, 62, 170, 161, 71, 33, 171, 91, 441, 372, 478, 213, 22, 66, 394, 172, 40, 351, 315, 593, 20, 91, 405, 85, 133, 40, 91, 12, 211, 333, 270, 281, 132, 35, 549, 574, 379, 378, 249, 572, 270, 520, 59, 478, 460, 618, 94, 613, 583, 141, 1, 487, 581, 331, 482, 606, 505, 553, 416, 290, 471, 28, 330, 579, 399, 462, 560, 446, 498, 437, 61, 121, 35, 376, 207, 472, 367, 122, 283, 206, 597, 307, 484, 599, 300]
631 [1, 72, 447, 175, 161, 401, 123, 580, 621, 164, 308, 501, 266, 126, 201, 146, 598, 142, 171, 566, 184, 411, 462, 217, 17, 131, 24, 387, 205, 4, 315, 299, 475, 242, 117, 560, 526, 394, 534, 196, 393, 131, 33, 227, 457, 11, 317, 473, 504, 346, 68, 326, 220, 583, 360, 591, 240, 471, 314, 73, 436, 580, 71, 200, 334, 240, 105, 488, 41, 541, 592, 234, 359, 70, 103, 77, 500, 173, 589, 426, 118, 236, 10, 222, 64, 260, 229, 339, 253, 215, 138, 563, 63, 585, 237, 4, 66, 11, 483, 628, 408, 241, 85, 348, 577, 11, 371, 468, 174, 100, 509, 447, 370, 615, 292, 303, 438, 311, 115, 306, 552, 49, 196, 419, 355, 504, 141, 462, 473, 524, 598, 205, 190, 569, 240, 25, 387, 33, 64, 253, 463, 120, 608, 358, 513, 471, 504, 421, 254, 605, 271, 125, 351]
641 [1, 190, 243, 139, 191, 603, 602, 411, 254, 131, 575, 514, 566, 148, 239, 442, 613, 413, 360, 74, 397, 60, 442, 254, 136, 613, 593, 598, 38, 129, 135, 51, 275, 343, 473, 446, 493, 629, 32, 437, 112, 496, 17, 296, 578, 1, 156, 423, 350, 397, 598, 294, 298, 189, 276, 582, 534, 52, 416, 618, 589, 379, 517, 104, 33, 368, 369, 147, 165, 430, 339, 325, 90, 6, 262, 372, 534, 278, 268, 505, 239, 457, 298, 521, 362, 86, 129, 90, 369, 591, 255, 336, 231, 639, 354, 163, 183, 396, 470, 497, 45, 12, 314, 226, 150, 519, 357, 541, 206, 7, 547, 175, 525, 477, 298, 485, 451, 104, 230, 566, 597, 189, 328, 466, 334, 264, 499, 125, 476, 453, 606, 430, 219, 155, 209, 397, 265, 281, 271, 409, 2, 214, 451, 635, 626, 230, 492, 576, 572, 416, 159, 131, 148, 561, 269, 307]
643 [1, 304, 570, 26, 49, 531, 127, 263, 382, 20, 299, 493, 516, 48, 548, 122, 627, 331, 547, 21, 591, 572, 519, 19, 618, 17, 610, 17, 138, 115, 43, 492, 92, 302, 616, 263, 191, 364, 359, 66, 624, 119, 547, 449, 424, 109, 551, 550, 161, 377, 452, 427, 78, 484, 261, 471, 305, 373, 370, 603, 363, 229, 2, 462, 13, 205, 543, 566, 631, 432, 591, 437, 24, 473, 160, 91, 498, 77, 47, 195, 4, 37, 364, 272, 568, 255, 2, 38, 125, 186, 394, 228, 149, 334, 407, 349, 509, 570, 636, 233, 100, 568, 579, 245, 397, 542, 529, 33, 273, 46, 32, 601, 528, 277, 261, 35, 286, 331, 28, 508, 456, 468, 543, 463, 427, 107, 275, 572, 2, 474, 238, 172, 585, 486, 65, 222, 98, 507, 470, 373, 462, 314, 54, 31, 499, 270, 287, 621, 632, 14, 636, 407, 173, 386, 82, 508]
647 [1, 570, 442, 436, 170, 616, 201, 577, 358, 590, 283, 66, 236, 130, 368, 557, 461, 575, 554, 165, 349, 30, 56, 34, 119, 198, 231, 193, 214, 440, 547, 316, 568, 630, 459, 443, 392, 597, 237, 291, 144, 297, 3, 416, 182, 492, 290, 361, 415, 249, 355, 559, 643, 15, 574, 202, 78, 126, 280, 333, 399, 246, 570, 459, 2, 565, 519, 252, 433, 16, 313, 545, 642, 479, 455, 210, 337, 72, 399, 446, 55, 499, 295, 30, 454, 199, 217, 96, 93, 456, 443, 418, 130, 410, 207, 213, 479, 621, 587, 93, 509, 609, 173, 200, 552, 204, 242, 305, 41, 327, 77, 158, 212, 575, 116, 237, 512, 222, 458, 440, 30, 145, 324, 213, 306, 634, 54, 242, 142, 260, 227, 0, 345, 527, 169, 84, 485, 465, 75, 307, 630, 500, 504, 355, 131, 474, 482, 266, 580, 528, 580, 2, 256, 605, 577, 411, 398]
653 [1, 318, 475, 472, 323, 164, 31, 114, 362, 187, 479, 552, 337, 151, 443, 450, 154, 2, 133, 491, 164, 404, 225, 45, 441, 187, 506, 297, 0, 413, 616, 456, 487, 286, 112, 118, 294, 64, 372, 58, 63, 498, 180, 561, 157, 105, 401, 103, 139, 266, 166, 457, 227, 183, 79, 271, 563, 10, 397, 586, 28, 63, 266, 525, 216, 429, 87, 87, 628, 117, 154, 489, 156, 532, 229, 284, 452, 175, 78, 126, 328, 22, 586, 526, 391, 121, 9, 413, 282, 142, 507, 461, 301, 6, 87, 110, 418, 396, 297, 639, 315, 576, 269, 474, 454, 571, 307, 427, 593, 501, 612, 268, 280, 286, 145, 54, 245, 71, 115, 278, 236, 298, 311, 157, 34, 581, 562, 259, 179, 40, 165, 372, 577, 54, 162, 428, 11, 615, 128, 537, 232, 373, 620, 263, 473, 313, 436, 144, 381, 562, 123, 96, 626, 223, 273, 303, 309, 0, 365]
659 [1, 389, 380, 329, 299, 267, 462, 462, 529, 46, 108, 308, 172, 459, 52, 610, 431, 277, 102, 80, 177, 563, 183, 650, 35, 548, 404, 453, 355, 491, 536, 423, 286, 542, 137, 553, 111, 304, 131, 564, 42, 98, 329, 602, 642, 573, 105, 238, 166, 14, 237, 81, 124, 198, 495, 140, 604, 60, 513, 8, 127, 617, 266, 1, 566, 149, 368, 176, 559, 368, 614, 457, 582, 617, 371, 273, 531, 461, 653, 30, 576, 292, 107, 615, 414, 46, 381, 424, 582, 264, 326, 315, 472, 175, 336, 414, 403, 173, 513, 120, 385, 621, 209, 81, 149, 148, 302, 268, 338, 158, 164, 266, 241, 497, 260, 623, 583, 161, 493, 487, 454, 156, 292, 310, 490, 284, 273, 388, 13, 125, 579, 599, 494, 480, 439, 70, 336, 165, 17, 584, 382, 152, 419, 44, 602, 619, 613, 247, 652, 297, 545, 167, 349, 207, 460, 274, 444, 8, 500, 255]
661 [1, 591, 119, 217, 538, 45, 270, 419, 425, 458, 312, 331, 483, 504, 638, 466, 69, 516, 409, 585, 574, 80, 277, 466, 84, 306, 180, 645, 58, 404, 27, 69, 238, 236, 123, 538, 308, 458, 210, 300, 28, 404, 660, 11, 394, 123, 410, 294, 364, 458, 55, 115, 604, 509, 294, 177, 299, 70, 174, 125, 383, 263, 123, 227, 492, 507, 568, 97, 173, 93, 149, 157, 405, 519, 512, 222, 587, 500, 189, 153, 372, 17, 494, 197, 468, 257, 626, 656, 655, 46, 286, 184, 394, 179, 611, 568, 639, 252, 616, 400, 552, 620, 640, 253, 649, 490, 4, 253, 72, 334, 527, 226, 21, 253, 333, 537, 596, 477, 547, 305, 276, 412, 138, 580, 176, 290, 445, 118, 33, 335, 420, 28, 162, 540, 393, 242, 261, 92, 287, 168, 188, 303, 470, 646, 652, 216, 292, 381, 569, 40, 186, 106, 612, 564, 307, 157, 109, 389, 626, 381, 582]
673 [1, 364, 411, 449, 18, 620, 161, 62, 592, 466, 192, 86, 393, 171, 372, 545, 510, 382, 283, 366, 194, 550, 297, 232, 25, 473, 645, 318, 181, 136, 623, 238, 396, 162, 199, 185, 408, 233, 479, 575, 654, 550, 363, 608, 266, 322, 36, 403, 275, 246, 492, 30, 148, 88, 292, 567, 475, 476, 30, 17, 385, 616, 581, 338, 308, 233, 363, 604, 193, 331, 154, 257, 18, 505, 233, 287, 540, 471, 331, 670, 31, 34, 418, 583, 593, 388, 647, 43, 59, 44, 590, 565, 75, 427, 483, 12, 387, 86, 280, 598, 636, 468, 248, 122, 477, 508, 599, 608, 132, 470, 186, 172, 79, 474, 383, 347, 653, 124, 402, 205, 474, 339, 258, 430, 552, 313, 368, 492, 500, 60, 416, 484, 591, 575, 508, 359, 127, 359, 223, 559, 426, 43, 524, 150, 495, 582, 587, 428, 381, 389, 167, 354, 371, 291, 449, 221, 511, 604, 586, 632, 48, 99, 141, 90]
677 [1, 109, 463, 240, 534, 537, 155, 510, 604, 352, 580, 6, 592, 196, 473, 673, 267, 338, 381, 228, 625, 144, 64, 314, 293, 131, 45, 573, 235, 265, 361, 424, 381, 626, 473, 51, 629, 170, 449, 51, 149, 103, 551, 22, 60, 647, 362, 75, 190, 336, 660, 213, 232, 466, 476, 249, 73, 469, 529, 565, 141, 490, 87, 11, 416, 270, 130, 102, 493, 425, 501, 266, 41, 250, 307, 334, 452, 399, 109, 314, 42, 113, 413, 661, 603, 77, 54, 573, 196, 497, 401, 632, 253, 646, 429, 409, 411, 63, 239, 147, 58, 607, 250, 13, 595, 26, 413, 373, 23, 342, 610, 188, 631, 84, 509, 512, 143, 231, 286, 201, 373, 635, 596, 138, 440, 226, 393, 632, 117, 333, 443, 199, 159, 9, 500, 124, 161, 467, 458, 104, 37, 63, 406, 621, 100, 197, 434, 512, 665, 79, 648, 663, 205, 366, 568, 429, 389, 383, 383, 556, 508, 203, 158, 515, 218]
683 [1, 579, 551, 488, 263, 523, 468, 236, 489, 148, 135, 122, 179, 665, 87, 170, 445, 71, 539, 668, 588, 129, 130, 409, 419, 349, 195, 312, 420, 352, 199, 588, 66, 120, 198, 325, 228, 643, 153, 153, 395, 587, 241, 411, 489, 179, 192, 77, 641, 51, 123, 330, 648, 238, 648, 397, 511, 488, 154, 54, 420, 33, 63, 173, 290, 387, 437, 439, 182, 528, 341, 315, 501, 24, 495, 543, 506, 417, 442, 547, 181, 483, 211, 664, 322, 70, 656, 459, 592, 569, 564, 359, 212, 157, 458, 1, 459, 508, 347, 359, 681, 289, 64, 109, 182, 545, 42, 327, 512, 307, 666, 371, 34, 605, 19, 458, 421, 676, 104, 534, 528, 496, 546, 122, 557, 186, 572, 619, 139, 324, 133, 620, 303, 52, 669, 413, 67, 592, 302, 554, 477, 343, 581, 457, 334, 65, 397, 1, 579, 407, 449, 342, 321, 419, 175, 617, 286, 546, 580, 208, 153, 329, 563, 184, 657, 661]
691 [1, 1, 514, 485, 345, 46, 514, 44, 413, 482, 451, 290, 134, 21, 500, 550, 638, 677, 530, 275, 151, 277, 138, 590, 328, 221, 61, 277, 46, 478, 20, 305, 394, 398, 35, 213, 230, 160, 585, 329, 350, 237, 190, 564, 275, 97, 84, 18, 564, 637, 136, 391, 317, 653, 307, 247, 247, 130, 478, 379, 638, 522, 532, 205, 185, 127, 239, 681, 644, 118, 189, 337, 384, 127, 282, 95, 9, 587, 71, 650, 596, 255, 625, 358, 66, 227, 647, 679, 234, 642, 104, 333, 355, 579, 328, 26, 277, 60, 443, 553, 681, 297, 574, 636, 614, 666, 548, 109, 313, 245, 378, 263, 87, 427, 657, 66, 485, 413, 510, 270, 683, 585, 62, 129, 156, 568, 678, 564, 202, 295, 241, 482, 368, 217, 419, 573, 482, 142, 249, 594, 354, 174, 114, 360, 223, 411, 84, 532, 279, 36, 330, 108, 105, 337, 486, 284, 364, 393, 179, 259, 462, 59, 233, 105, 601, 383, 414, 411]
701 [1, 586, 387, 178, 278, 527, 604, 669, 374, 69, 308, 370, 162, 602, 660, 565, 417, 17, 110, 680, 119, 439, 469, 239, 375, 133, 45, 532, 280, 140, 520, 90, 86, 408, 572, 558, 536, 329, 306, 202, 247, 83, 404, 237, 138, 587, 648, 360, 155, 565, 390, 94, 87, 581, 394, 577, 397, 355, 468, 538, 514, 270, 470, 96, 255, 454, 586, 410, 439, 486, 585, 7, 509, 377, 531, 356, 26, 527, 614, 451, 457, 628, 291, 247, 455, 202, 543, 527, 245, 664, 612, 440, 318, 273, 521, 285, 437, 596, 198, 96, 559, 180, 406, 539, 549, 671, 658, 305, 212, 509, 101, 380, 63, 166, 333, 496, 236, 552, 617, 694, 516, 646, 23, 290, 147, 395, 592, 356, 695, 431, 66, 174, 0, 573, 430, 347, 667, 6, 193, 539, 59, 572, 249, 12, 455, 484, 473, 626, 684, 83, 262, 396, 226, 330, 527, 319, 180, 328, 134, 669, 559, 86, 687, 396, 442, 656, 420, 382, 227, 596, 688]
709 [1, 165, 462, 598, 569, 416, 631, 455, 577, 460, 658, 319, 208, 528, 400, 151, 323, 48, 644, 630, 587, 321, 71, 72, 12, 151, 393, 91, 662, 392, 276, 466, 70, 407, 402, 181, 100, 616, 595, 469, 323, 245, 581, 442, 536, 59, 59, 183, 70, 706, 677, 136, 499, 386, 93, 249, 645, 132, 204, 488, 493, 613, 134, 323, 529, 592, 523, 126, 495, 234, 278, 234, 182, 240, 342, 185, 123, 80, 131, 672, 525, 615, 581, 110, 359, 211, 286, 474, 257, 220, 698, 568, 374, 571, 355, 584, 656, 635, 356, 549, 149, 623, 90, 536, 408, 631, 327, 568, 240, 610, 196, 660, 385, 465, 466, 61, 25, 607, 296, 157, 292, 311, 268, 112, 705, 535, 272, 365, 404, 373, 349, 253, 88, 305, 233, 656, 600, 578, 452, 565, 419, 144, 253, 137, 680, 185, 358, 22, 703, 689, 473, 261, 119, 444, 264, 484, 18, 195, 328, 414, 394, 362, 82, 498, 403, 405, 277, 296, 37, 142, 487, 673, 400]
719 [1, 74, 358, 64, 325, 549, 477, 374, 534, 14, 609, 531, 459, 196, 180, 228, 395, 53, 377, 510, 414, 543, 397, 320, 237, 442, 251, 181, 500, 469, 166, 514, 454, 26, 358, 383, 596, 161, 382, 278, 627, 300, 493, 416, 375, 172, 486, 334, 434, 230, 387, 700, 195, 96, 620, 403, 333, 589, 327, 336, 344, 162, 351, 532, 659, 409, 381, 603, 146, 672, 394, 405, 452, 377, 267, 505, 693, 72, 313, 153, 565, 473, 286, 360, 302, 651, 621, 43, 143, 325, 415, 357, 616, 233, 28, 618, 313, 474, 215, 488, 661, 418, 348, 131, 524, 256, 243, 249, 653, 686, 409, 502, 142, 329, 707, 706, 404, 350, 88, 643, 348, 258, 177, 223, 295, 526, 404, 343, 581, 538, 336, 159, 193, 113, 58, 67, 439, 697, 162, 14, 175, 417, 491, 447, 518, 92, 45, 42, 158, 107, 438, 513, 206, 243, 263, 492, 206, 9, 331, 84, 461, 399, 288, 20, 506, 391, 514, 284, 398, 84, 135, 458, 0, 180, 550]
727 [1, 517, 297, 573, 458, 137, 572, 336, 86, 7, 538, 659, 470, 257, 439, 100, 672, 229, 89, 239, 264, 39, 488, 172, 59, 725, 567, 21, 89, 595, 656, 486, 312, 95, 195, 108, 197, 569, 362, 180, 230, 704, 593, 706, 649, 360, 523, 320, 213, 477, 296, 531, 388, 251, 610, 4, 10, 287, 510, 235, 162, 216, 280, 497, 86, 424, 90, 252, 25, 585, 695, 606, 90, 648, 436, 303, 709, 693, 625, 141, 508, 7, 73, 40, 565, 600, 718, 439, 516, 458, 430, 560, 560, 535, 655, 468, 499, 43, 674, 238, 440, 511, 356, 159, 575, 124, 575, 489, 550, 241, 104, 708, 82, 576, 684, 110, 690, 614, 201, 721, 607, 97, 462, 231, 698, 453, 183, 710, 668, 7, 607, 642, 510, 421, 641, 715, 118, 328, 440, 145, 626, 718, 123, 652, 679, 466, 37, 643, 265, 306, 216, 139, 491, 633, 422, 564, 578, 445, 77, 437, 100, 106, 441, 442, 191, 485, 709, 114, 222, 697, 529, 481, 567, 310, 120, 71, 153]
733 [1, 186, 621, 482, 65, 26, 128, 395, 545, 429, 89, 434, 379, 37, 453, 276, 494, 671, 704, 118, 646, 84, 521, 654, 98, 356, 610, 179, 581, 21, 370, 39, 314, 183, 400, 636, 400, 569, 287, 197, 138, 559, 625, 342, 113, 206, 260, 708, 88, 577, 501, 646, 118, 630, 66, 518, 542, 349, 469, 270, 108, 572, 195, 498, 405, 420, 79, 205, 706, 639, 107, 123, 47, 266, 224, 439, 239, 122, 352, 285, 92, 455, 51, 265, 13, 669, 294, 181, 732, 590, 541, 82, 639, 206, 134, 640, 529, 326, 195, 656, 602, 301, 340, 214, 246, 415, 138, 604, 147, 605, 534, 164, 576, 141, 115, 580, 342, 195, 527, 257, 377, 524, 698, 498, 718, 581, 614, 357, 703, 539, 364, 22, 496, 723, 32, 299, 220, 575, 542, 399, 475, 93, 217, 486, 499, 242, 665, 170, 642, 179, 676, 372, 415, 694, 216, 104, 505, 410, 455, 292, 490, 565, 489, 510, 247, 353, 676, 698, 317, 647, 622, 1, 25, 82, 9, 154, 210, 99, 368]
739 [1, 189, 577, 615, 402, 626, 182, 99, 128, 327, 36, 614, 540, 76, 59, 234, 439, 379, 423, 733, 65, 27, 101, 128, 82, 416, 665, 611, 694, 540, 12, 295, 351, 674, 80, 346, 361, 449, 4, 35, 606, 417, 141, 363, 404, 87, 190, 712, 106, 142, 642, 88, 312, 441, 142, 250, 586, 33, 420, 31, 292, 563, 126, 719, 12, 674, 492, 83, 259, 467, 162, 271, 434, 338, 89, 311, 402, 494, 727, 626, 712, 324, 282, 684, 31, 193, 162, 313, 119, 401, 617, 177, 70, 106, 692, 66, 66, 22, 609, 123, 11, 297, 163, 510, 621, 155, 350, 75, 128, 420, 355, 223, 18, 728, 586, 69, 683, 706, 431, 333, 153, 283, 631, 495, 332, 344, 551, 688, 642, 634, 64, 102, 728, 525, 579, 446, 326, 159, 97, 401, 27, 730, 566, 655, 734, 684, 703, 268, 4, 548, 330, 329, 606, 530, 673, 698, 665, 200, 523, 613, 303, 660, 481, 165, 191, 370, 48, 36, 461, 580, 386, 690, 721, 279, 256, 583, 581, 325, 160, 443]
