2 0
3 0
5 0
7 0
11 0
13 0
17 0
19 0
23 0
29 0
31 0
37 0
41 0
43 0
47 0
53 0
59 1
61 0
67 0
71 0
73 0
79 1
83 0
89 0
97 0
101 0
103 0
107 1
109 0
113 0
127 0
131 1
137 0
139 1
149 0
151 1
157 0
163 0
167 0
173 1
179 0
181 0
191 0
193 1
197 0
199 0
211 0
223 1
227 0
229 1
233 0
239 0
241 0
251 0
257 3
263 1
269 1
271 0
277 1
281 0
283 1
293 0
307 1
311 0
313 1
317 0
331 1
337 0
347 0
349 0
353 1
359 0
367 0
373 0
379 1
383 0
389 0
397 0
401 0
409 0
419 1
421 0
431 0
433 0
439 0
443 0
449 0
457 0
461 0
463 1
467 0
479 1
487 0
491 1
499 1
503 0
509 0
521 0
523 0
541 0
547 0
557 0
563 0
569 0
571 0
577 1
587 0
593 0
599 1
601 1
607 0
613 0
617 0
619 0
631 0
641 0
643 0
647 1
653 2
659 0
661 0
673 0
677 0
683 0
691 0
701 1
709 0
719 1
727 0
733 0
739 0


 TOTAL: 35
